100 100
213 -277 249 -481 232 114 -268 179 -26 -351 96 -64 240 56 346 -49 -34 -68 313 -496 258 -388 -124 -212 173 -340 119 -418 -100 149 156 254 160 227 -409 477 -291 -90 373 -36 18 -133 -333 -221 -377 -353 -42 454 -59 215 -328 -269 -164 -410 382 178 -281 322 360 -364 -80 -378 -288 16 -197 -492 175 -139 248 459 -98 -472 -31 -224 373 -346 470 292 -134 102 411 -269 -115 218 -495 23 -284 351 -110 132 371 -422 -122 -466 464 -11 -166 -316 -104 -397
-222 398 224 -17 173 -381 212 447 -183 448 -95 292 170 -417 338 112 -173 461 -44 92 -374 -178 285 296 -329 122 406 -364 -490 -312 -122 463 -201 -315 -284 -159 -215 296 72 266 214 377 453 -471 75 50 87 -379 229 38 225 -442 199 -148 291 -368 -292 -473 -171 -487 -113 479 176 -258 -258 427 -202 -161 309 459 -178 46 -105 -445 -357 -92 304 153 -302 243 68 478 421 463 439 476 46 -417 -480 -43 169 215 -7 -274 -145 -484 282 -477 -41 -125
-249 -239 -431 365 -337 466 67 18 -256 -43 -312 418 -44 -395 326 -409 -381 -305 -430 -174 47 401 343 1 -181 -244 -69 -329 416 -156 430 -151 -390 -460 -14 403 279 486 -345 -357 436 211 225 -10 -212 357 491 -217 -159 278 385 -115 -259 400 -259 -396 144 -269 -90 107 -393 -55 -72 353 21 -380 -227 315 -285 -84 -357 -36 -349 305 -477 225 -477 -235 -460 462 106 164 -321 11 -454 -158 23 -367 -163 381 119 -353 -406 370 -457 200 424 -492 447 48
176 -416 -456 -57 314 356 499 -360 424 -42 149 -81 31 -54 6 47 -16 -279 -419 26 412 -246 -455 408 498 116 105 -304 -356 -249 -3 -420 -480 460 391 496 -66 -308 355 204 -419 -189 -302 373 -310 -260 232 -173 -120 354 -261 422 323 132 313 252 359 -379 -345 -269 -268 51 -186 -197 469 141 -24 416 -429 349 69 -286 170 42 -246 -454 143 277 318 287 82 -469 364 -277 137 -340 221 -120 162 -144 72 -92 -233 144 15 -441 414 -256 14 246
-34 -383 -336 -263 144 424 275 -478 72 70 342 -259 404 483 207 98 19 383 -456 61 51 -408 -367 -189 -329 354 -240 -205 -378 99 -212 186 32 -21 243 -172 -183 300 263 -218 16 -252 15 292 466 2 -351 224 114 -274 459 337 228 285 387 478 -438 121 420 -264 -119 258 54 -77 431 -2 472 306 309 432 -430 -2 -175 430 -471 430 -262 -287 -443 -59 -20 250 431 -260 198 153 394 -153 -402 487 -8 -404 331 -204 -495 248 359 -79 -375 208
311 103 -452 -68 368 498 -309 -183 495 -12 -339 193 -486 -19 327 -300 -141 452 366 206 285 334 -57 -246 387 421 -107 -126 -401 450 404 -383 -362 -210 -85 -391 163 336 -341 -368 -411 398 -433 125 -148 -473 -184 -358 14 10 -49 42 -171 -303 -215 -239 -363 -238 239 95 1 461 111 -101 107 93 448 0 -24 40 183 210 -346 164 100 407 -258 -319 7 -110 125 342 165 -1 -392 289 -287 283 -376 102 -309 263 -92 176 381 246 368 -37 -244 95
-438 125 29 100 353 38 -487 227 -362 399 30 -466 481 -239 84 -135 -441 -118 375 -6 474 488 -258 -243 -427 -229 456 -192 366 -390 43 -400 -172 -296 288 276 -404 257 -122 -110 -454 -478 -167 -412 194 -205 -41 242 308 486 386 130 461 -23 329 132 -175 -156 471 -114 -200 -333 477 -438 82 -155 -102 75 -67 -18 118 420 68 -315 152 -291 -104 94 -450 406 -364 133 28 -160 -101 17 -354 473 299 -320 214 139 80 175 433 -363 -2 211 -486 98
114 -165 -348 105 171 -69 -238 98 -100 185 494 34 -380 -201 276 -165 275 -249 -123 404 440 420 162 470 250 -223 -455 -58 100 -301 445 -348 432 -400 -184 316 -323 286 393 -326 182 95 -428 -365 -427 96 236 -161 -94 -117 171 279 108 -316 -488 208 -34 -149 -255 59 461 234 -378 -321 -272 -161 -55 -447 -297 89 -131 -118 35 -382 -150 10 -457 -386 -350 -345 -322 -218 -419 -88 -116 114 -441 -480 -110 439 117 -444 296 -171 471 -380 45 -237 183 -308
-441 -222 126 -371 -336 258 227 -30 427 -386 -393 -302 293 484 -496 -393 -368 -145 321 429 133 -113 -40 -468 -403 -176 -267 -418 379 -255 201 -165 -297 -285 -171 430 -443 -277 -51 396 -124 268 212 292 -480 200 -231 14 227 -423 135 498 -291 472 105 -34 58 134 -445 -373 118 126 -483 470 -380 253 -15 -190 -321 -100 356 -1 -362 -157 -28 -201 -275 -198 -451 -482 -180 -257 -105 -239 153 138 182 -445 -78 449 -89 -246 265 -227 -260 -391 419 -79 83 421
335 -57 -404 -472 385 421 334 -448 271 -451 202 -182 351 61 190 -95 -328 -220 0 -52 453 -402 -12 -217 390 2 -189 498 -363 -464 75 -324 -441 -122 -285 102 364 -57 28 131 405 191 131 -467 100 -146 294 -178 383 307 330 -189 439 -13 78 -96 192 -487 -11 332 -464 18 -426 -475 -85 -133 274 14 -306 325 16 -45 -234 411 -117 -323 283 -272 89 408 63 430 318 42 150 377 -329 180 -253 -365 -289 51 -258 141 190 -12 162 -350 381 -462
-184 385 231 -197 -186 321 328 439 156 14 405 283 442 284 207 197 109 -240 362 295 -92 290 -112 -289 394 -380 454 -146 -62 -385 -448 466 -497 25 54 91 -391 32 346 -318 269 -175 76 -333 -440 -28 -42 -270 104 418 77 416 -126 -380 64 172 431 -51 497 77 58 -51 -394 -427 73 332 -26 97 264 187 66 98 -152 -174 57 -308 -113 -207 -287 36 31 323 305 -490 228 -273 -214 114 409 -216 214 187 -479 -27 -401 406 -261 -220 185 -170
312 -242 480 -210 -47 -194 272 -88 132 -260 -40 -187 445 186 -447 -277 -251 22 35 231 -59 327 -163 15 243 145 496 137 400 496 366 329 -257 157 191 -449 -122 274 290 -286 499 -289 -366 -442 187 92 -166 -8 133 298 -323 -199 -54 -186 107 -122 214 138 -25 -7 260 100 -381 -73 144 197 428 346 -238 -165 -135 -416 153 350 137 318 381 -9 -23 164 0 -192 -244 415 467 452 221 -167 -276 232 431 -88 176 -367 -237 304 191 -384 -215 249
-151 -441 -255 299 84 -55 375 247 275 124 71 -238 222 -425 94 -238 -475 330 357 -309 -257 127 -358 140 253 468 -14 205 -349 -6 -233 237 487 -10 -28 -497 -313 11 206 373 88 -71 268 143 66 223 -342 228 143 116 -153 437 160 28 480 188 241 -416 117 -174 378 -343 48 483 -488 327 494 53 91 279 391 358 355 -257 429 258 231 497 66 -24 437 -86 -460 351 -279 -354 -452 -29 1 -89 -473 -244 307 -100 -246 197 460 467 464 313
-204 -407 -149 -333 -181 -398 66 -62 289 -282 166 449 -344 -113 85 96 207 -445 -413 93 286 162 -366 357 426 -362 195 -149 -254 192 255 -494 453 -362 229 -277 63 118 282 225 -95 -255 -23 322 -88 184 9 -227 488 414 -396 451 -336 487 433 367 -152 422 101 22 -310 -121 -446 -73 353 -166 45 132 120 -220 -239 -374 -229 468 -146 256 425 47 -27 -295 118 -3 -327 -477 453 236 207 -110 179 -481 494 453 -304 -34 44 180 490 107 -244 -264
-236 110 -401 112 -475 352 -493 -187 457 -204 -273 286 393 -145 -209 -80 258 -324 154 92 15 433 -20 198 -406 316 -211 -307 -32 -286 -310 -272 -455 -277 -5 -235 -84 405 242 -339 -117 58 -55 171 -85 30 -231 -115 -138 -20 269 318 214 -73 253 22 332 -306 -468 447 -481 136 -120 240 165 -109 -118 -278 -211 167 161 335 -285 132 -476 251 54 -125 29 235 129 -142 -402 -220 363 457 62 -328 156 -167 -155 -483 448 -492 38 -306 294 -262 248 387
-201 -368 -72 -43 257 -99 66 123 -359 178 -479 356 269 32 -407 78 -373 268 59 -120 175 341 -206 -70 500 179 -419 137 198 -291 11 185 -56 -79 -306 394 286 388 -435 -54 458 -223 377 16 385 359 -249 -143 -206 -430 52 -219 24 81 99 -42 107 246 -455 197 459 -38 40 212 6 -484 -191 -425 -257 99 -94 352 -154 161 -28 214 315 340 461 126 97 82 -452 462 -203 -340 487 467 -486 162 234 -252 -139 328 -469 351 -266 419 -432 -338
-441 -365 -445 116 500 -58 -394 252 -394 -41 52 -50 322 209 -95 -59 -472 -404 103 -222 -76 -315 370 176 -485 489 -125 -449 -29 324 -213 227 323 -366 -352 -402 -331 360 231 -267 19 -182 -65 45 -136 265 186 -427 -70 82 -234 -245 -75 -149 137 405 120 258 -60 -216 320 214 -262 75 -278 -2 423 7 424 -294 -71 -19 -243 -76 254 192 358 -445 173 90 -331 289 -135 -314 24 235 399 -267 412 -353 -494 -291 -271 -388 -424 -484 89 85 101 -7
55 201 -428 41 -409 -80 284 -334 220 221 85 231 -114 -77 125 377 2 212 -154 433 109 -234 306 -301 275 187 -123 98 -164 161 -159 -101 496 69 -200 -485 317 -25 -116 341 -428 19 311 291 273 -76 238 283 376 -352 243 207 247 345 -347 18 -464 485 -277 88 165 -324 225 372 -196 -301 43 164 212 -469 -282 -29 -156 479 495 -357 268 471 -224 51 -107 -20 53 -403 -187 271 369 214 224 225 -197 307 -331 377 -51 -207 -162 150 239 -105
309 -209 97 297 177 481 230 146 143 -266 277 -175 -377 494 498 -15 -94 468 -421 75 -451 -180 -300 408 -98 -324 344 496 372 -403 -121 216 204 164 -460 464 -396 479 -207 -125 -358 464 -255 -110 -411 33 -230 -361 -472 124 386 146 130 -169 -172 -30 -2 -164 7 -377 268 -135 -472 313 -146 -469 481 5 -109 423 -194 -278 -133 178 -130 -363 -334 -469 -5 240 -450 -45 -85 -206 -225 -349 188 463 373 47 118 369 81 323 -163 -494 -139 -70 -26 -461
-439 -66 407 -403 16 -328 -480 -370 -199 -194 -4 -16 -15 -428 -229 181 214 -433 -86 -30 -181 123 270 -499 -115 -499 -484 -25 134 -278 -67 158 275 213 -436 352 38 90 119 354 -80 56 -87 462 349 -157 394 -280 132 213 -187 -132 135 -4 -76 -443 399 479 -440 -321 255 -333 327 33 474 -41 448 -490 -118 161 119 -217 439 -466 403 -154 -366 -365 -96 34 -200 279 -238 -358 267 -119 -29 464 -136 135 -454 -337 49 -458 142 -461 228 246 496 -463
-250 -293 98 295 -162 -228 -72 -291 -480 366 -418 -126 166 -309 -57 -368 -154 -408 -135 418 -221 -315 -231 17 -318 -404 253 413 -19 -71 -65 -174 -430 58 274 -181 -348 -60 -296 -74 -154 -440 128 371 -52 -251 452 -239 163 -253 -163 94 -435 317 -264 -377 187 -49 494 57 -93 494 246 -38 381 493 393 437 354 -310 328 -443 429 -464 247 -139 460 -475 -112 210 229 -290 -90 49 -253 -151 -86 -293 -9 65 -418 -173 -475 201 -433 259 385 483 254 158
105 -303 327 477 -467 23 -311 414 444 155 -483 173 164 -146 224 -375 183 156 -333 295 236 325 117 161 431 -308 -257 -389 -370 473 446 -18 -106 75 447 368 224 273 139 -362 354 282 175 -475 -286 -180 -319 149 131 -208 -354 -297 175 -101 447 139 -13 301 -456 158 -241 327 -67 94 469 203 -259 287 356 -274 -375 -391 -21 -424 335 -445 43 -331 229 -347 126 -59 -179 -27 -167 472 -347 -38 139 -401 28 344 88 -159 360 -300 403 -162 -93 -142
-220 -476 213 192 223 -315 353 -83 319 396 -47 301 433 294 131 -240 255 -221 -371 291 -318 75 328 173 -320 186 427 -332 -248 376 417 445 -137 -151 -332 -46 -300 395 -225 452 -38 -85 -343 -28 57 22 389 -32 38 100 237 -254 280 -207 0 343 -387 -202 -74 -78 228 344 284 -12 -228 305 341 4 -188 204 335 -74 -15 -162 -288 140 382 -122 -314 375 -161 -82 121 204 58 -240 -19 -257 19 -29 -110 -478 67 442 250 -235 -295 372 -163 -445
-109 -454 -486 -62 472 -34 378 316 214 364 -388 -31 -27 63 -4 -461 -2 102 -256 -308 -455 261 472 -349 185 248 399 -38 -181 -64 194 463 -117 -428 483 -50 316 142 190 -432 308 -389 -437 296 291 99 52 -144 -354 164 -106 204 -256 -14 93 -334 -167 411 -497 -324 -87 -411 325 107 435 286 279 -313 43 -406 -143 230 -104 -333 205 378 456 390 -388 471 399 -267 169 -93 -229 157 117 302 -275 -168 -301 -335 132 -317 495 424 -483 -40 -495 105
88 79 327 -292 480 -209 -97 417 -378 -405 148 -235 -479 -462 -305 200 283 -54 152 -67 -318 315 -426 -44 -330 388 -135 156 -403 339 -214 480 -304 -223 446 435 107 380 192 437 78 97 141 -245 433 36 28 -423 -247 -260 -154 304 374 -366 99 278 482 -317 -458 75 -193 -119 -82 38 -323 -428 -110 324 -202 225 125 493 220 -268 492 238 351 478 487 -325 -44 -53 68 72 -407 -353 267 -125 313 -419 315 224 289 -172 58 -424 -419 6 201 158
241 435 -285 173 379 379 -327 496 436 341 313 211 -253 -117 290 -443 376 -248 -295 -418 285 -125 111 61 65 -196 147 193 -17 -465 -280 413 -149 490 -283 199 -106 401 72 -104 -225 0 166 -216 260 -255 -229 -204 213 -88 -469 -72 -172 -242 282 13 -254 -302 -102 342 374 -432 79 278 -191 -308 -225 357 -374 150 -281 -114 -403 383 -183 46 48 -116 -19 -155 -381 -148 -202 -18 299 -164 231 -215 483 84 90 -206 -328 197 255 83 -490 258 -330 16
393 -465 229 -378 410 55 465 -79 -138 -192 206 -30 -458 487 25 488 37 -411 -181 396 214 -364 -404 -188 -411 -454 324 150 -47 -436 -128 -184 84 319 469 -190 -208 -42 -59 -328 347 -210 441 483 -102 386 473 123 -240 381 106 360 -344 -309 -307 210 -13 -477 -108 86 -366 -365 -203 -49 -375 310 71 -117 67 -487 125 160 357 -94 166 -359 -257 426 -90 -88 -227 151 263 281 3 -401 -144 -252 -297 193 103 429 -297 225 -449 -56 -322 -106 444 -290
409 -44 102 -158 -438 423 -42 -129 -193 -356 -30 488 -52 -433 -350 -289 -260 -469 -493 -243 132 234 67 -173 -427 161 -421 244 -128 189 -335 -231 -138 -259 81 223 -223 -14 -135 -233 102 -470 -35 -146 244 -500 10 270 -443 380 409 70 -315 -212 456 -451 -471 -55 224 441 -500 -357 -212 -188 155 -327 431 296 238 -179 -259 123 9 494 423 133 364 123 -91 325 143 456 -500 -452 363 -41 499 476 242 235 294 -371 67 386 347 -397 -348 172 119 102
157 -454 -299 -175 -461 -374 -302 441 352 471 243 439 -26 -121 -378 233 328 479 218 133 -72 -408 439 -342 -294 16 377 398 -302 -188 -57 -222 292 222 -1 -394 221 -22 236 27 436 23 459 75 -426 -389 -251 -113 -48 455 337 242 494 -70 -424 -80 -214 -28 83 18 -149 -301 164 -440 -82 224 234 334 190 -371 -291 -11 -416 240 -99 -48 -388 -104 -134 238 80 -343 164 -292 -210 181 -346 149 -439 117 272 274 368 -388 445 -269 86 464 134 248
83 294 162 126 386 -50 27 -134 320 403 8 129 410 90 223 -252 -269 482 128 189 67 291 496 163 429 255 386 -163 -292 144 -413 -317 55 -156 272 -293 -221 -476 -54 330 -255 -283 196 -232 -18 -159 -94 23 140 -140 65 35 -161 216 -404 -268 -27 360 352 -10 403 -52 382 69 -392 160 -406 -49 372 129 -291 -391 -408 340 -357 -23 -284 411 -162 -285 -6 424 -369 117 -56 3 323 -235 404 -187 489 -462 -350 87 -460 25 -275 500 245 414
467 426 -358 -78 309 47 153 -256 -353 356 -112 370 -245 -6 154 463 -419 -178 -265 286 -179 -304 373 214 368 51 206 17 -103 363 -132 188 -201 115 280 220 -13 -349 460 -132 -334 356 -237 303 -301 28 424 289 -98 -215 -459 -229 -456 10 -284 58 390 438 158 -470 -28 -464 31 261 -188 -471 -393 429 -99 -28 -280 -498 -270 255 237 287 -339 -431 437 144 146 182 -343 410 -17 343 -342 414 -397 -456 158 -103 212 -111 -87 470 443 -287 -35 287
-411 -378 292 223 -25 385 312 -386 24 232 -152 -9 4 389 -61 -104 165 122 170 253 137 340 161 -467 71 -308 -94 -321 -301 -187 -304 -477 176 211 269 -274 -361 184 -122 466 116 418 -35 240 -60 82 120 -280 -9 284 417 388 86 158 -217 496 -75 -133 199 201 50 -363 -87 49 -168 14 -186 282 199 110 26 140 397 -127 -308 -204 -65 -46 315 169 369 -6 255 -266 95 -349 459 465 -308 284 122 426 -336 -277 42 -347 364 -292 44 -249
370 -44 388 133 395 67 281 363 -77 382 -189 -215 447 310 -188 425 175 428 -388 499 286 221 -416 44 367 104 -16 74 -422 -117 390 -87 -126 8 -150 -301 -37 393 478 353 -468 26 -455 285 -191 184 -414 -365 298 -331 -24 -385 -431 -49 -97 73 -146 49 -310 -45 -440 379 99 392 -387 -363 329 498 -482 -418 -427 482 199 -87 335 179 169 44 -14 -326 -458 -232 64 212 448 -308 346 105 -93 -50 -296 -358 -194 -480 499 -491 -135 -322 -353 -151
-304 80 -246 212 -349 105 104 116 -473 -162 -251 -436 -492 -423 -409 65 -274 -473 229 -282 128 189 400 499 -174 305 -319 419 -182 -344 -403 -196 311 -78 384 -396 426 -284 97 293 -183 -495 33 -16 -130 -25 -266 190 66 -29 -125 245 -494 -221 452 -472 -415 -135 27 17 353 -77 317 -196 342 407 243 -458 271 441 117 292 -8 -277 172 -174 26 380 126 -440 -420 210 -330 220 58 -159 -428 112 -411 -441 -404 342 -248 175 19 393 274 353 -169 246
80 99 -251 -200 366 -468 -378 124 142 -273 342 19 89 292 413 474 -499 243 56 -32 173 82 174 -110 432 -127 -417 -8 -450 -377 310 423 98 321 222 13 266 -195 224 120 55 11 304 156 494 84 244 -108 -283 -106 -157 -332 -291 215 308 264 72 189 366 428 -420 -416 -335 59 189 280 -470 -380 -347 -466 -462 -35 -12 -287 328 97 78 35 -452 -248 69 421 332 335 -388 360 -205 -419 -117 -401 -127 168 373 -344 438 -52 -177 267 290 -468
74 229 -348 -301 -410 -55 65 235 202 384 364 -154 63 222 221 184 -233 196 -416 -414 211 397 -200 209 -181 -91 304 313 -28 -108 -336 84 -281 -93 -359 -388 -189 331 226 367 -281 -153 200 0 337 -334 382 13 128 -89 352 -491 -92 6 -453 -497 206 149 -278 -443 -73 -279 -299 -403 158 -416 -221 497 163 313 49 104 106 352 -447 445 368 214 -494 -7 448 439 -426 446 -448 308 -13 -299 271 443 437 35 30 305 -70 296 -139 -14 -494 421
-319 -370 386 13 3 -401 -2 415 -325 410 492 -436 -56 -463 224 178 69 265 128 188 457 407 242 -277 191 72 -37 193 -212 247 339 -341 324 356 324 -278 230 -130 118 345 286 227 -425 285 -175 12 -114 432 -18 -136 -42 -246 264 -50 99 -242 -289 -483 61 -209 -113 -205 156 -320 -288 191 -393 -402 -113 320 201 -457 -406 48 -233 401 69 -345 21 389 -394 355 -3 255 -100 -466 212 215 -297 298 -419 -443 -358 -312 303 -257 75 -479 296 459
-167 -46 466 346 436 87 -316 296 -147 -313 168 48 320 -36 293 -427 -357 168 94 403 -485 -29 -44 -46 316 22 -105 -375 43 4 -61 44 -262 -395 442 74 439 -412 163 -2 -416 117 48 -413 144 -103 346 384 -175 -248 205 -128 206 86 -332 209 -124 -371 -478 -213 -389 -258 -219 -182 -36 72 90 99 -4 489 -468 409 242 245 -319 -117 232 -195 -132 330 117 488 -297 -248 263 -229 390 -455 -287 299 -2 335 282 356 -469 -350 -333 204 -186 -436
285 212 471 197 -322 74 456 236 -55 -148 272 47 331 232 88 -445 463 -146 377 464 -237 -301 450 -377 -9 -399 -306 -236 139 360 345 33 57 -284 -284 60 -422 -235 99 131 -492 339 -338 437 246 -302 -405 105 -215 -469 -464 100 -278 438 498 -62 -405 313 -98 -45 -352 -363 370 -262 443 143 -132 -73 187 -210 -162 418 434 29 456 96 278 111 278 -253 157 -269 -427 319 -123 -458 281 259 337 180 -20 165 -469 273 321 289 -176 366 -166 -323
395 384 -235 -13 -45 125 -166 149 -165 255 44 -399 -399 452 -416 235 -180 -352 132 -303 -103 286 -397 -75 -250 -364 -425 500 -232 -360 291 255 -306 -491 102 184 -26 330 -402 -41 -23 -62 -114 -131 372 453 -88 250 455 -450 -477 -335 -349 -457 -145 -231 -224 -485 -355 -107 61 132 411 -280 -251 -8 -39 412 369 -392 -298 -394 199 429 297 104 329 36 85 55 197 -193 -375 -54 216 -454 187 463 -185 -230 -57 4 -163 -431 -470 -350 455 -373 -291 130
129 204 488 430 414 -74 281 137 54 -492 109 -325 -355 -433 -232 445 -346 227 265 -283 89 -390 439 -55 -272 -330 400 -136 390 156 -231 428 -347 -77 488 -441 -41 -103 -34 -439 462 -61 -331 -16 -152 -483 -7 -69 405 201 -366 463 327 -83 21 436 -224 -458 18 230 435 -281 86 -43 11 -458 499 435 365 -409 305 -253 149 303 -438 373 171 -315 288 -152 -178 -96 410 -408 452 -475 6 -40 271 -452 -429 454 160 345 89 -175 499 62 309 87
380 -398 78 -452 -183 -267 -77 -60 -362 -354 415 414 185 -345 74 -309 430 -117 216 -486 344 -436 418 -191 -103 -225 49 -348 -67 -107 -479 290 346 -127 -350 265 -476 -336 -17 -453 441 298 -274 -306 284 -333 -19 0 -192 466 441 438 246 -206 264 -62 59 148 -489 -26 -114 391 396 -374 -487 -338 -251 -45 -228 -121 -32 160 -42 -491 255 -4 277 142 81 -107 -2 103 231 68 395 97 -93 -72 19 -133 -91 407 299 167 -128 178 -429 475 -215 -58
21 -370 -218 -334 -29 -285 -175 490 370 418 -70 -443 -330 -145 -369 476 -219 -71 -89 1 -2 242 365 -62 69 165 98 -202 -497 -283 2 -136 453 -117 -176 -295 -144 -458 -194 -229 -66 414 -275 257 244 439 476 66 -295 134 417 105 140 -394 -210 -82 -166 -233 466 -220 -251 414 -30 150 -339 -69 -205 6 -225 257 -498 409 41 479 480 -10 297 164 433 94 -352 415 276 -261 -398 -164 -331 -237 354 226 -208 -16 54 -305 435 234 177 -297 12 -368
494 41 362 -411 -449 -391 -56 -358 -427 -487 316 230 267 -310 -176 351 -194 198 277 -96 160 177 59 -73 393 -131 104 279 462 7 -443 -365 -88 156 315 -44 -484 -197 181 -185 36 177 -34 224 -438 -230 329 -325 -64 -103 92 11 -469 -261 -413 228 -322 93 143 -59 -381 -225 208 279 -349 70 -115 56 -200 27 191 -252 87 -296 461 8 -110 -270 448 454 355 395 216 449 284 182 -292 -395 -415 -277 -389 37 420 339 -367 -173 293 -384 -183 488
65 -428 -429 326 339 113 33 -194 161 -157 -92 -207 138 -115 349 336 -453 168 382 454 224 392 -31 -310 317 -140 125 -251 326 -157 -470 -323 321 335 282 -367 228 -126 -412 378 -68 360 -133 -90 -134 -385 -193 199 15 -142 -45 -69 483 481 308 291 -366 -284 -73 65 -163 108 -121 113 261 -491 429 -169 -409 178 100 -175 134 -122 -268 -287 496 463 -489 463 281 294 12 208 455 -477 -215 47 150 -95 -29 -277 -81 108 279 -6 -151 222 -260 -33
-382 -219 288 -427 -403 314 319 216 -450 258 -164 316 58 32 -356 143 -485 177 -366 228 385 -489 -41 -425 -32 304 412 -101 -324 71 93 -141 104 -394 -442 -477 454 -272 255 367 -85 -2 479 -483 -400 169 -406 386 -498 484 -236 -310 -474 -419 348 484 94 -205 333 185 126 -18 -167 -254 172 -327 145 -23 -5 -210 -187 295 -348 -76 103 -393 303 325 445 391 340 20 435 305 -223 -84 -128 32 -311 -417 -87 -172 -371 189 367 -150 424 -244 -367 234
-403 -368 -299 59 174 82 69 -396 428 -133 177 493 -63 -233 458 -142 402 -125 -148 -189 -252 -178 -453 -396 -203 232 -249 -415 -330 -61 118 -296 118 137 110 -95 -218 -321 360 254 -121 462 464 -106 -232 -255 367 189 -387 381 -396 -366 -430 389 -489 -425 144 358 376 92 363 392 378 142 59 311 -376 -262 154 119 -281 302 408 330 -85 25 242 278 -137 -493 -181 141 247 499 380 104 -447 -142 -329 -348 -380 -334 -339 352 469 42 -261 374 105 372
19 370 418 -208 -244 -69 361 -225 20 467 -35 7 -354 -162 -349 -89 -26 -218 -252 -264 -63 -89 359 -162 -290 94 199 342 -21 -56 -441 161 466 -332 -353 -65 364 -317 97 249 -421 -249 286 -467 223 -183 12 -275 55 193 344 -258 294 471 -425 -279 -155 299 -410 -119 205 5 -396 -189 -286 -86 30 46 359 412 271 -64 200 -411 325 -378 115 -462 -257 -87 -198 -220 433 174 -369 354 313 -88 -374 -361 -496 -417 -136 -386 86 -413 -126 -196 166 33
-17 -149 68 -446 406 1 258 475 -369 51 -413 -44 -441 -315 375 -351 -156 -53 7 -62 242 -173 -452 2 -146 361 374 136 364 141 450 -113 -140 452 -402 318 23 -51 -419 -274 461 -343 216 -117 368 401 228 -216 -341 -328 -263 439 -2 -12 4 135 -39 77 -481 86 324 -24 305 -315 394 288 95 306 236 -335 -182 -19 408 -142 18 247 -455 360 -207 -11 201 239 -1 310 -71 -306 -117 -291 300 -134 276 154 493 478 -338 132 91 -28 302 349
-280 157 493 -456 -178 -426 474 275 -346 381 -481 408 219 -236 -479 41 239 -109 -491 77 -448 394 -484 135 -215 -201 -363 -10 -338 31 -244 33 -492 155 -335 -482 -84 5 -499 -384 -399 55 353 -70 456 140 191 -275 -327 53 -295 332 38 -13 404 -257 -490 472 -244 217 73 215 -5 -257 -260 -324 -410 8 474 -172 398 357 -76 381 -99 126 -350 -313 -67 314 -275 -103 -271 -217 -471 272 406 44 -384 482 97 93 -314 243 -184 5 -445 72 -146 -155
387 201 -352 -203 -37 -115 -291 -232 -271 232 404 205 138 30 -257 -265 262 -470 194 144 -419 -86 206 -68 -425 69 352 -291 -372 124 -246 -202 377 -316 373 -184 111 279 148 293 84 498 89 251 472 -55 -202 128 62 -81 -196 284 -80 391 -215 255 228 440 -434 5 429 -135 412 90 -320 -52 -367 -272 18 496 201 230 46 -225 120 -77 414 -492 -10 -139 -120 418 368 -380 202 421 -335 305 -221 -116 2 -124 -152 345 -130 -380 -411 -230 320 351
-275 60 -333 -8 154 -418 114 -261 181 -481 -306 180 -233 -182 -11 -204 100 -391 -51 289 -34 -307 -404 179 443 -312 49 -226 39 -486 256 265 -477 139 254 -401 -388 132 -398 -127 311 307 -465 361 227 -155 -271 209 -184 -165 -156 -6 -44 369 305 351 -435 -292 187 42 -24 159 -331 -157 401 -338 -149 160 435 395 -436 -416 -132 -177 -363 16 -339 -157 331 -408 -195 255 157 -402 -174 -205 28 -229 57 427 80 -179 -10 -331 342 467 -132 -134 115 -178
191 61 -345 -316 278 -112 -102 -4 -422 419 77 480 315 -286 2 -223 476 489 -90 337 186 191 -73 103 78 -125 185 -462 213 303 279 -177 17 -439 -403 98 53 -320 165 171 441 129 301 338 1 257 -60 440 499 268 247 325 -116 173 -5 127 309 -455 -227 411 350 316 -421 -221 447 454 287 -273 63 435 -345 28 -83 249 393 13 62 288 -259 326 49 -454 -276 -364 35 231 -493 440 424 -308 -447 -161 164 79 91 172 115 -442 -169 288
-168 -84 -92 304 -366 -250 319 101 -204 -67 420 -108 -360 366 58 -30 100 72 -395 -38 141 -254 477 491 86 294 -279 -358 -112 -400 -174 -488 -308 118 -139 146 461 106 -127 465 495 -204 -321 -28 -285 200 163 -76 16 -142 416 376 162 152 -316 2 418 92 -201 409 -256 442 47 -364 -263 -221 -85 -273 -106 -419 282 -256 376 471 383 155 -129 74 64 320 95 359 404 -351 -477 405 -197 -199 -301 437 435 186 267 -309 129 -113 -355 -249 -19 -112
-180 -342 -228 -402 -23 -474 101 -360 -133 -388 450 240 395 464 297 -77 467 -449 64 84 -65 235 -102 -330 -184 -138 353 400 -31 183 -111 -126 125 -162 296 281 -442 -6 -405 -164 121 -27 449 -388 -225 21 -27 119 92 140 -418 -337 377 492 109 138 -62 -247 346 475 369 -395 324 -391 -31 351 477 302 -241 408 -423 -24 -88 81 343 241 -437 490 -61 296 55 70 420 -142 -294 49 -376 -107 445 -486 19 -297 -332 -306 -250 -84 -273 -290 -390 227
-395 -273 -382 23 -77 334 63 412 276 -114 375 -110 -271 -211 301 -437 207 397 -118 421 -229 -460 166 -182 -251 -233 243 483 -79 -83 -413 337 -54 -463 -401 420 -181 289 73 214 -369 483 -423 444 178 -29 -18 -378 -51 59 -87 178 185 72 353 259 -219 -222 -356 -88 417 428 -453 274 -249 -426 278 83 295 -362 390 -71 288 -93 135 -447 320 451 457 -101 176 -290 -411 -362 159 113 -387 428 433 -183 -47 -460 306 460 389 73 -284 15 -216 -366
268 -347 -116 264 -277 31 301 224 -343 28 -53 -23 -414 331 -396 -268 374 -344 311 -403 -148 -116 19 -239 356 -353 9 499 430 -147 -200 221 -300 117 103 451 500 -437 -492 27 352 19 455 198 -97 170 175 201 -387 419 430 -268 -471 -360 -179 419 -90 18 -102 -249 -315 -60 24 -4 -401 42 95 331 -388 474 387 -114 -399 197 191 133 -14 -106 478 195 -201 -77 -485 386 37 253 308 263 -483 87 -337 -237 33 -167 -397 -392 403 383 242 189
-35 62 107 336 61 206 -210 -157 -495 -391 401 -259 82 295 387 -269 -111 -251 234 376 -202 -428 90 -412 -322 196 276 371 60 -275 315 81 -453 245 -286 98 -368 63 -21 178 167 -180 -226 409 324 -171 -264 -311 61 -433 286 -356 -208 65 -1 -132 -17 155 300 247 355 230 230 -24 -351 293 288 -114 91 281 -244 329 -481 345 352 422 354 -180 -434 170 309 -332 -444 116 441 121 -476 65 90 71 -425 370 181 -63 -211 412 -19 82 373 -361
-32 -196 -134 -93 -424 -421 -195 5 -464 27 -292 492 71 -120 -303 35 432 338 341 180 189 472 -228 -370 -82 131 144 -282 380 -420 -239 295 -467 -197 113 283 63 63 140 -251 -53 166 70 -310 25 -315 -323 -5 188 35 -421 -360 16 -402 1 -400 85 456 393 405 -211 -248 -467 -210 342 43 323 -12 -285 208 -462 84 -179 313 -65 -176 -449 -269 -379 -196 -31 387 -329 407 -231 179 358 85 -440 416 -482 133 32 -489 -9 -415 -265 241 336 -250
72 98 258 38 499 -32 295 -235 -414 448 30 318 146 214 -464 -75 131 -144 397 -255 438 111 -205 92 -271 9 -391 246 333 4 395 -352 90 -43 -68 426 114 440 263 -141 440 261 151 -167 109 495 462 -31 -405 -109 96 331 183 196 214 -349 50 -91 164 34 -478 -67 197 39 66 127 -390 223 449 -183 396 -358 471 237 423 -368 -57 77 -166 395 321 -32 -121 -216 27 426 -385 191 120 -164 267 377 50 -61 -86 -498 194 498 408 -46
-473 231 -256 87 -242 -34 233 146 -213 140 98 295 -215 121 408 416 3 167 -99 216 287 34 -215 -467 55 -201 -416 361 156 -124 41 -140 394 -319 -25 -249 -156 -304 104 -222 -197 250 128 20 27 476 -363 -158 -153 -73 197 492 -71 216 -272 411 107 -216 297 172 -196 22 487 -90 -159 -446 -227 157 122 -70 -266 70 -441 -318 -301 -216 -43 32 -420 -332 -171 -268 145 222 -232 -363 -241 -264 -269 68 252 -19 77 332 208 -109 245 -1 -36 -378
-375 420 256 370 -400 110 -425 -474 317 357 -421 434 -28 468 -153 -486 181 -396 -395 217 40 -318 -186 -349 -219 293 -352 -219 -415 -41 353 -39 -439 285 -422 131 55 -299 61 382 -347 451 -221 -254 459 -70 55 -339 -232 -377 269 357 255 -374 111 -290 -494 -380 18 306 -32 357 -438 493 -455 263 -203 -431 -404 -154 226 392 204 -380 478 -143 -87 384 78 410 115 430 365 -158 452 -164 -314 -318 261 -10 -208 316 475 400 238 -346 356 -83 294 -69
-21 -496 486 -140 45 -413 325 -93 -215 290 204 149 352 136 11 49 -77 8 -402 -36 -108 -166 -485 388 96 373 217 -52 266 -144 73 -194 410 -474 241 -458 -478 474 349 315 -54 253 -225 -212 -265 -132 -357 -233 494 -277 243 -281 328 86 -196 489 346 452 162 -396 308 291 12 268 351 -256 335 -418 -33 -420 -268 79 325 -309 296 -298 -159 492 -117 276 266 278 109 -102 -75 -37 -38 499 258 272 95 455 -470 -193 48 -312 -264 230 346 -234
67 -23 -274 154 -202 346 -175 394 383 218 155 460 -90 58 -448 -296 102 217 -123 -330 491 291 -180 -171 -272 246 202 295 387 110 -179 -36 -395 -194 -387 244 17 456 188 -376 53 -267 13 -68 -491 -328 158 473 143 432 387 364 -177 -462 -390 498 -1 22 -295 220 -454 -488 174 433 391 -21 -247 -126 -107 454 0 269 3 -316 264 -328 -479 -296 -266 152 55 106 -149 -92 -234 215 -286 85 -180 433 311 135 -406 242 -391 -131 19 318 159 -465
37 -403 -375 -281 -404 276 10 -353 425 172 -209 -399 321 -147 -262 436 454 -289 -450 142 104 4 275 207 -26 294 49 -138 444 55 -58 -1 472 -490 -15 -292 -68 -133 116 -9 195 -193 -82 25 402 143 -329 206 -322 253 74 -316 116 11 430 190 -273 -18 109 -307 -266 445 261 -366 -200 347 -336 -494 -366 -215 210 434 -403 -487 355 334 31 -219 -38 227 -492 49 328 -183 140 -391 203 240 -235 354 461 16 -219 451 -383 41 292 95 -47 -196
275 -341 -325 61 477 -57 438 7 157 -311 -321 331 117 94 460 186 398 -470 277 359 419 -294 414 48 399 67 -253 -444 -53 219 -245 113 459 -232 30 -267 -436 -290 375 -281 -338 437 206 210 -344 329 344 294 -295 468 298 -13 -500 233 -224 198 483 225 91 -221 -196 -402 479 -369 -457 -117 -311 -476 247 -118 -452 271 -328 -134 -223 -405 132 -200 -301 255 458 447 416 344 -123 -123 -27 -85 -409 451 241 492 413 119 192 294 -211 33 -210 276
84 -325 -469 -267 106 -148 -10 -353 5 -289 182 24 121 330 -145 -16 403 44 -227 356 -202 -494 280 -115 -25 -196 91 242 310 -458 334 176 -209 6 306 263 314 -200 -67 400 377 94 -207 -307 -287 -404 374 139 -192 428 232 -272 445 415 -318 -279 310 -1 -239 184 300 463 -195 453 -275 -69 -37 40 -412 354 13 -123 -401 72 -463 494 323 32 -190 -366 237 483 254 304 462 198 -258 -22 -337 -451 467 -123 480 234 91 -255 171 -293 440 -166
25 431 149 -67 -203 366 -83 247 312 31 -384 -307 40 339 228 426 451 480 274 122 -164 273 219 139 -104 -352 -200 -63 58 -265 -282 37 -67 35 62 -283 180 -335 -77 319 -262 1 15 -293 -8 -263 -295 -222 -124 165 -356 -74 194 -329 -6 -37 285 339 439 183 -208 154 -31 146 -413 13 352 -142 -389 -236 -440 303 -474 359 374 371 179 212 182 107 -103 482 144 145 52 117 11 381 -238 403 96 -424 179 2 194 -210 224 -5 247 -200
284 -141 -414 -148 272 -148 198 -356 169 -143 -141 -48 273 107 355 389 -65 -454 346 87 248 89 -16 446 -175 395 -217 81 -319 12 63 -441 -6 80 -390 478 -286 -94 -474 -416 -333 -490 6 -322 -203 -209 -313 -136 361 376 -334 499 -11 -27 289 460 -245 -266 -195 162 119 434 -435 186 -253 -469 174 -216 25 -303 -65 -131 122 -274 -43 410 -227 -481 -31 -2 -133 -354 296 101 -177 236 -291 6 -170 135 -174 -304 -55 -91 468 194 -76 110 66 -192
-187 -22 73 -270 134 158 -490 397 298 -447 -367 307 -383 -488 -133 -60 -261 -201 -216 -420 356 341 475 27 295 112 -365 343 156 -154 137 379 455 -104 125 196 -245 55 -16 159 -399 -327 -317 -335 11 -194 -18 -277 101 -64 345 -314 98 -157 -16 -150 159 -209 -147 248 99 -243 139 -354 477 170 424 432 -216 296 307 172 169 166 84 309 -364 -174 -100 -38 398 -442 100 156 227 39 419 -200 237 135 -433 374 332 -41 249 85 -170 266 114 -291
-89 -394 -239 460 64 -466 314 -44 -130 169 -495 -158 -18 113 177 112 -147 -341 -468 305 -252 -134 224 22 429 141 182 -263 -168 -480 294 129 -214 -443 357 -255 387 253 -457 -143 249 -329 -26 251 99 -432 125 -173 477 363 -89 156 -133 316 476 104 -294 -329 -128 359 1 -56 73 -254 460 -286 -270 407 -497 290 317 -465 153 -133 241 -137 -446 153 364 210 181 370 -367 -81 328 168 -328 -379 347 -320 76 178 -165 -12 -459 -28 -43 -354 -23 -346
-481 -386 41 333 -46 83 -322 -127 -28 -210 -392 65 107 68 -133 275 -441 -83 390 338 331 466 290 58 -221 -208 -304 -126 135 -16 -4 315 425 359 -175 82 -456 -257 198 -46 71 160 13 -311 244 -145 82 -372 -35 -438 500 293 -291 -108 -188 -326 -79 282 332 224 -244 -466 -292 -224 70 -342 -83 47 -334 -17 41 -145 -427 -43 -137 -173 350 -445 492 -180 -282 -129 432 98 482 -416 471 -116 183 296 -327 -318 223 -62 -331 -220 -251 141 24 469
-160 457 204 464 -387 -405 360 -409 199 -7 243 116 -81 -421 326 249 -248 371 151 -130 366 -360 -51 -15 -445 202 256 469 276 8 165 -160 209 76 343 -263 241 326 -83 224 47 273 489 -313 196 -425 -347 290 -399 -322 313 129 390 -88 211 1 -97 307 481 -432 -19 -160 60 294 -21 480 466 481 -448 106 -94 176 -159 -424 247 289 209 480 -414 -340 -295 44 443 279 113 202 -234 -330 -345 430 352 464 -27 -47 386 275 -152 95 -418 -299
158 111 235 494 4 9 73 350 425 82 -346 -127 8 -113 -348 289 -238 -132 -360 443 -439 97 -181 -429 156 -68 327 469 -61 211 -441 -344 -66 -240 -202 -152 280 -409 123 10 230 345 127 -235 -451 402 -122 -122 22 -97 158 232 494 3 18 -329 -286 401 -324 -368 -357 -496 94 -244 -240 261 426 452 -176 118 124 -266 239 169 -397 211 -322 147 -435 -1 344 -155 -362 -114 403 -201 -425 446 376 -6 87 -427 -251 -97 -249 -225 56 -79 -237 -326
-167 -473 94 -141 -492 -31 -75 -349 332 -261 178 -368 124 389 -386 238 370 116 33 -307 -252 83 217 -357 -273 -475 -80 416 324 -54 -243 494 -437 -437 -389 385 -478 -17 297 51 3 -471 252 191 274 353 415 -257 394 287 246 356 -407 -286 -114 -452 408 120 145 -391 -356 78 -486 -158 239 197 236 237 -484 61 -100 -36 14 -338 -348 8 62 -449 -335 -402 -5 14 -391 319 201 -348 136 466 -74 -222 153 -44 345 478 267 -143 -123 52 -226 -196
-125 154 190 -97 -420 2 0 182 96 96 -87 -309 433 426 166 360 -51 317 434 -189 -38 -499 -261 167 371 -105 462 78 447 400 235 212 427 436 -171 -459 139 -167 -439 -429 -75 129 -432 -237 431 318 495 -352 -291 294 -187 403 195 2 -343 -118 289 478 317 500 -376 21 -39 -390 242 415 -194 -79 -8 -20 -234 246 467 296 -147 97 275 -258 -62 -78 -362 70 187 -428 426 363 -373 203 151 71 491 -426 -329 -106 410 -56 -255 -144 -269 -199
-271 -38 -86 55 -433 -217 333 -318 -433 357 -332 -406 215 390 -482 389 -482 144 -386 423 -139 -358 249 332 20 -345 -251 499 312 -233 77 -213 79 -185 383 -125 212 68 340 339 353 -390 -87 -163 484 -418 -482 -370 205 -473 -385 13 154 -137 -160 399 -111 -51 -225 167 -95 -421 70 330 80 137 -171 276 -216 329 -69 478 -316 490 -241 439 312 222 387 173 415 260 153 -156 -436 442 -48 324 426 449 -386 -288 149 335 19 -255 -171 -350 -408 129
500 -324 439 442 31 172 197 -37 116 229 -27 136 327 398 176 422 -470 439 421 -307 -424 -202 386 -499 -88 -63 153 109 49 -445 -316 -114 49 -56 -251 -97 449 -471 382 301 -397 -164 233 -345 72 -414 251 -324 -84 -407 -330 491 -213 -27 358 302 -263 296 84 489 -242 108 -56 36 -486 -318 -310 -16 -320 -282 -36 -244 146 -237 -396 -127 -406 386 -152 273 -441 -317 -412 -279 323 -318 451 312 -401 -184 216 -277 465 -313 -88 -323 333 348 -108 -412
193 234 -336 193 -450 162 319 325 235 222 -353 450 365 -424 -269 221 -241 -47 261 -311 -353 158 -150 -418 -53 -466 485 -137 133 -116 431 252 391 266 193 -52 -228 -364 455 13 -494 149 435 290 -43 27 -267 414 -212 426 -189 155 -53 499 7 -388 -234 -98 -497 -238 -500 -36 -423 223 396 65 -124 3 367 212 -314 -457 -227 394 -401 -265 47 -347 -237 -324 -224 364 316 411 245 65 476 168 272 163 163 -58 281 236 389 421 498 -321 -341 -112
-176 -110 -170 442 -22 -325 -218 292 -258 -431 425 -227 317 228 -383 193 -137 369 174 349 -292 224 119 -324 500 -306 -204 -189 -61 -70 -215 -173 290 -500 80 -401 346 393 368 465 353 257 219 -220 -9 123 -206 -478 -35 84 75 -385 290 -64 374 -188 15 62 -249 -348 -415 154 296 204 -445 -136 -406 -268 -214 -147 60 -327 294 -452 -423 203 -103 -102 191 431 52 172 -342 -84 373 -180 98 -23 -417 440 356 -312 150 -491 -276 42 -430 259 -124 225
475 496 145 -378 102 332 429 119 195 -366 -49 -57 405 89 98 -84 20 431 486 306 11 -4 82 104 118 -458 -277 -475 -433 -23 -117 415 -335 -484 18 -352 374 132 95 363 45 -12 -272 -205 -393 203 247 -239 -308 -208 -101 -308 440 229 -421 468 8 450 -300 391 -218 239 45 87 263 -189 435 393 -209 98 -144 189 168 -419 -174 -64 370 -189 300 -146 92 -147 43 338 -184 -96 378 -210 196 2 -223 175 -159 385 311 -181 201 -68 -500 -324
-330 62 -220 -244 -344 -295 -112 358 327 350 -405 -96 -405 -273 -71 -476 -77 -31 -452 345 98 -81 63 42 171 -215 223 327 346 -182 -498 32 3 -50 350 122 -24 301 68 -269 -286 141 463 -134 -163 -55 74 -487 450 -327 -286 85 145 452 350 215 491 -350 470 -168 -370 -337 -466 126 193 356 -441 -305 26 125 -7 -286 381 235 -407 263 293 -425 138 165 8 204 181 27 427 145 -96 229 429 459 125 0 303 -345 -409 -405 -56 36 482 -27
-266 -356 204 -14 -70 9 248 -354 139 -77 -302 317 -42 -174 -5 405 22 -210 -218 67 175 234 -379 -95 67 121 -158 295 129 356 195 235 65 330 322 -56 -54 139 372 191 -380 47 -258 -58 -100 -264 -37 20 -75 -495 318 359 -281 93 122 382 296 325 485 392 162 -326 -418 220 162 36 -467 150 -439 421 128 64 440 -116 19 -359 275 -393 -135 -71 432 484 202 -340 -130 431 -10 287 124 54 485 -219 147 478 155 55 -186 321 313 -394
289 -492 -369 170 436 -36 -65 45 82 184 206 335 -321 435 99 482 -139 371 256 -330 -66 -270 488 281 -16 -53 -21 -224 -474 387 322 -308 -487 381 208 90 450 248 98 31 -407 250 141 347 -450 250 -388 -186 -57 -84 -492 -273 184 -362 432 -459 -424 -441 -336 486 -436 307 403 -222 157 -464 -245 484 448 105 120 111 -269 76 -105 361 -390 147 63 440 157 -323 387 146 -29 -332 468 309 283 -474 -5 -152 -448 454 476 7 -445 -32 496 -425
-361 -390 76 384 -449 -7 -450 -186 207 -294 92 472 364 -77 -223 203 112 -382 -130 -43 -333 239 -434 283 77 -141 -375 229 -280 74 307 26 -404 -63 -202 -18 171 -398 -201 -414 -75 436 -265 439 62 430 244 -395 106 431 376 302 -429 -68 -115 -59 448 -438 228 217 -1 -17 375 -14 -268 -92 -429 288 -399 160 165 465 -59 -78 -186 352 184 -333 437 38 -419 -421 234 410 -125 388 374 74 434 -40 372 469 302 -248 -232 399 -38 379 -310 413
336 -393 389 3 -486 230 -378 23 -260 -71 247 322 311 -144 231 178 -38 -114 -331 135 -288 264 -116 -370 48 49 374 -222 12 184 -347 284 405 -235 -173 64 418 -389 -431 247 3 -319 -279 148 -18 -455 -202 486 -104 -121 -91 101 -269 100 258 159 -116 25 245 -71 236 -8 350 347 -9 402 423 79 472 267 183 -221 -202 220 309 420 -145 56 2 28 -235 -139 -157 160 300 312 450 -448 314 423 382 134 449 77 160 213 171 -17 36 270
369 212 406 98 462 -28 256 -453 -363 441 -54 47 -456 74 126 -462 -108 15 304 385 462 412 421 -172 -499 173 149 143 -493 101 258 -152 -259 302 -130 286 322 386 -241 387 229 491 10 97 -234 -477 -128 -355 108 382 113 -54 4 -340 343 -299 308 -443 496 -361 250 -499 -334 498 229 478 -340 142 458 366 -252 26 307 163 -471 -462 -269 -464 -169 -43 104 269 46 230 -295 206 363 -307 -478 172 -278 10 -380 -445 452 314 421 408 489 38
231 476 312 -293 275 193 246 -233 -264 -292 484 403 -45 -351 -487 102 386 36 -394 474 463 353 128 -202 -118 -186 432 -121 249 289 429 -26 133 484 -56 -496 267 -98 176 463 -459 420 -274 338 59 258 -448 222 364 392 279 -14 186 205 126 -419 -81 401 388 138 -201 424 358 46 252 371 -348 432 168 197 -495 114 -422 -335 492 -282 -219 -31 97 401 152 -29 -37 381 -110 -222 323 -500 -136 -423 414 -102 236 -269 308 184 327 -142 110 -419
47 43 18 425 299 -212 419 -152 -492 321 -100 15 -313 -169 251 -84 -350 -371 432 -59 429 -94 -451 -118 -383 -40 240 39 264 -292 -357 453 81 97 -240 -12 341 -492 -114 -327 58 214 80 187 -359 -326 138 42 206 500 -339 279 -458 -141 260 214 -321 -326 342 176 -372 -88 -280 217 -151 258 272 473 361 -234 -129 -206 160 -367 -22 293 -396 -67 -32 213 -187 -94 326 425 428 -357 -431 7 152 -247 -361 -344 401 -119 -347 22 -27 -425 288 -380
-184 187 198 -431 -33 -444 -221 -356 274 -352 -408 159 -249 -10 300 27 285 -414 131 440 320 77 238 196 -109 443 -477 92 -236 315 192 338 -13 215 81 488 -307 296 -104 246 254 363 -445 -30 384 -473 112 -151 53 -144 -466 192 178 60 -131 -293 -319 216 458 69 488 -355 -278 449 -315 427 -215 -283 483 101 42 253 36 392 -250 211 -151 -332 91 -371 -95 -27 -227 433 -156 66 4 312 -368 78 -110 -108 324 464 423 33 -136 270 374 396
-86 290 -298 406 36 -182 22 432 114 390 323 101 -491 244 -73 -161 331 278 453 -423 -265 -46 -283 34 -308 145 -449 -431 -255 -465 487 -304 304 -467 -314 316 -254 -110 186 217 433 170 -142 -192 410 -313 350 181 -117 470 -486 431 -143 -376 491 2 308 -260 -172 -64 -193 129 -216 -262 -7 -290 -369 -204 -148 -124 433 76 -36 60 -197 129 -373 304 230 36 224 -413 496 178 395 290 258 470 -426 -353 -380 353 -434 233 256 -152 -410 -233 23 -51
-113 -50 -32 395 -293 152 -194 16 -377 257 -431 -468 -157 -157 101 -41 -455 468 354 -233 -286 224 -419 292 -428 72 -246 210 409 306 -309 468 -387 90 -234 436 100 181 -72 -266 -300 -240 425 297 -417 -452 -75 118 32 -14 92 147 -482 -168 337 -360 14 -76 431 -287 20 250 85 263 -461 -219 -430 -160 281 -65 -423 172 -26 350 257 -267 202 -298 -174 50 -107 -168 -143 238 -320 -272 -162 -163 11 -92 -485 -75 -432 65 -78 47 131 442 222 322
6 -276 -336 482 153 65 -430 -234 103 387 -262 -345 455 -361 -363 -313 184 297 -442 46 -111 -346 477 -289 70 436 -251 288 45 -295 -10 -174 -47 45 -438 287 -13 -449 -192 105 68 -38 225 -108 376 404 -429 -239 91 -75 355 12 349 127 -131 -489 60 -134 -271 364 -259 237 -223 495 301 304 292 -303 -390 -325 -171 296 -356 441 -155 -160 -17 89 382 297 58 -350 -31 26 230 430 402 120 358 289 34 -201 -238 -106 247 401 221 -248 80 269
142 -28 -186 -445 -47 441 -79 -420 -59 123 -252 -298 -40 -418 -481 314 384 -238 -452 -420 -176 -146 -63 -330 81 -368 -407 490 85 428 -211 334 -409 97 -246 468 415 -211 30 -47 -230 -366 -248 -329 24 344 -239 -314 -54 -373 -238 122 -374 -111 500 354 325 -243 -260 -45 477 -429 -356 -315 -165 -167 -46 -281 26 52 303 359 107 -302 -484 -79 409 -372 49 -51 149 350 -65 -140 -92 -194 125 85 -194 -274 -76 -202 357 -175 -381 -294 -272 420 360 -414
461 142 -229 136 484 49 483 -284 -89 -223 301 -113 -479 21 469 317 -475 190 -42 -35 263 -442 -89 409 -488 -464 402 374 370 -279 -438 -135 -55 430 -423 -134 -460 -364 -270 180 26 480 267 -324 166 346 346 -208 422 -298 79 -124 -404 226 -108 339 -218 -487 34 426 318 381 5 475 -372 217 100 -88 -479 -235 -35 -49 -396 -132 366 -97 -355 135 -262 461 34 -320 -100 -222 490 151 -230 -347 -473 -344 272 82 -191 -372 174 83 347 138 -242 -408
493 275 -39 -74 -51 376 -309 -403 453 158 -318 -131 -22 -460 30 399 108 308 -280 285 373 -406 182 -385 -122 -491 131 -142 433 -339 -47 -440 311 -249 -352 86 -402 122 165 -295 283 109 -331 -441 138 -59 -16 167 -73 275 306 -81 239 404 -69 77 -322 250 398 -417 230 -84 -177 -169 -164 292 211 500 416 491 427 378 344 123 -22 -406 113 -171 195 -430 -250 -414 289 315 124 338 408 -217 479 82 -277 -204 -455 -75 -10 389 14 354 347 355
-344 -243 175 129 419 42 -441 158 493 -179 -346 499 -328 -26 -437 -29 -87 205 -101 189 329 289 241 103 -352 108 -238 21 137 -288 -95 372 396 253 74 360 66 -460 -194 -461 -239 147 50 439 351 -369 422 400 -433 -168 -438 438 79 247 -188 264 384 98 257 228 133 -96 -111 -206 294 93 -490 373 234 234 349 -236 446 -26 -179 80 392 -178 -135 266 -64 444 -413 -129 -268 -242 -25 33 177 385 18 -170 221 -65 456 -30 -92 -120 158 92
-223 -422 11 -249 82 288 146 294 -397 267 -126 84 413 -95 221 -381 402 -102 -139 87 -336 392 -28 -175 -75 -170 347 -495 265 -269 -4 438 -114 -60 -43 -368 45 62 -482 256 111 416 -93 -234 -472 -391 75 -120 167 263 -462 265 -22 378 -305 293 -162 -183 -347 55 -283 -230 -256 144 131 -46 486 303 -34 425 -358 110 -41 -151 -183 -317 -478 -220 399 105 -386 -47 -122 380 98 -194 -92 -235 180 -132 -55 -184 -358 56 -16 378 -133 394 439 473
162 364 85 480 -355 307 390 378 439 -48 344 465 307 266 415 -496 500 144 -253 196 158 -449 224 448 -288 -371 444 -184 365 -107 -86 360 291 259 497 -495 -53 -197 383 -428 -221 -321 -417 244 338 144 349 56 -118 341 -315 -415 218 -379 253 -405 438 -413 -465 463 386 -330 -197 196 80 449 -291 208 264 -298 330 -453 294 452 436 -387 -68 389 416 132 -242 376 44 -246 -62 49 -33 213 -53 -80 -6 -464 -17 -102 -9 369 407 297 -212 236
-112 -164 -237 80 477 248 -136 -468 -196 -150 -242 -104 359 414 90 385 332 -262 135 -385 261 458 86 -167 -128 -381 -98 48 58 -313 269 -227 299 72 343 477 -145 276 -170 255 109 -263 -461 54 -195 255 -353 -329 488 174 -131 -135 -206 -335 70 -173 322 131 116 489 169 171 -487 -150 -413 497 131 -230 226 427 447 306 229 -77 -450 -282 -89 -79 376 80 286 -272 -229 -121 -466 -211 -10 232 -3 380 -104 -482 -279 -84 400 293 -285 223 245 -445